local Player = owner
local Char = Player.Character
local Hum = Char:WaitForChild("Humanoid")
local RootPart = Char:WaitForChild("HumanoidRootPart")
local Torso = Char:WaitForChild("Torso")
local Head = Char:WaitForChild("Head")
local RA = Char:WaitForChild("Right Arm")
local LA = Char:WaitForChild("Left Arm")
local RL = Char:WaitForChild("Right Leg")
local LL = Char:WaitForChild("Left Leg")
local RunningAnims = {}
local Animating = {}
local PauseAnims = {}

local function tick()
	return os.clock()
end

local function wait(Num)
	local CurrentTick = tick()
	repeat
		game:GetService("RunService").Stepped:Wait()
	until tick() >= CurrentTick + (Num or 0)
end

local function spawn(Func)
	coroutine.wrap(Func)()
end

function CreateWeld(PropertyTable)
	local Weld = Instance.new("Weld")
	Weld.Parent = PropertyTable.Parent
	Weld.Part0 = PropertyTable.Part0
	Weld.Part1 = PropertyTable.Part1
	Weld.C0 = PropertyTable.C0 or CFrame.new()
	return Weld
end

function SetTween(Instance,PropertyTable,Style,Direction,Time)
	Style = Enum.EasingStyle[Style]
	Direction = Enum.EasingDirection[Direction]
	local Info = TweenInfo.new(
		Time,
		Style,
		Direction,
		0,
		false,
		0
	)
	local TweenAnim = game:GetService("TweenService"):Create(Instance,Info,PropertyTable)
	TweenAnim:Play()
	return TweenAnim
end

-- Keyframe Order: Time Position, RJ, Neck, RS, LS, RH, LH

function PlayAnimation(AnimationTable,Priority,TweenTime,Looped,Speed,WaitUntilFinish,FunctionsAfterTime)
	local function Start()
		Priority = Priority or 1
		Speed = Speed or 1
		local Joints = {RJ,Neck,RS,LS,RH,LH,Grip} -- Don't change the first 6 elements. Any tool welds can be added afterward, like "Grip".
		local Id = tick().."/"..tostring(Looped).."|"..Priority
		table.insert(RunningAnims,Id)
		local PausedAnimIDs = {}
		local WaitForAnim
		local Delete = {}
		for v, Anim in pairs(RunningAnims) do
			if Anim ~= Id then
				for i = 2, #AnimationTable[1] do
					if AnimationTable[1][i] and table.find(Animating,tostring(Joints[i - 1].Part1)..Anim) and not table.find(PauseAnims,tostring(Joints[i - 1].Part1)..Anim) then
						if tonumber(string.sub(Anim,string.find(Anim,"|") + 1)) > Priority then
							table.insert(PauseAnims,tostring(Joints[i - 1].Part1)..Id)
							if string.sub(Anim,string.find(Anim,"/") + 1,string.find(Anim,"|") - 1) ~= "true" then
								WaitForAnim = Anim
							end
						elseif tonumber(string.sub(Anim,string.find(Anim,"|") + 1)) <= Priority then
							table.insert(PauseAnims,tostring(Joints[i - 1].Part1)..Anim)
							if not table.find(PausedAnimIDs,Anim) then
								table.insert(PausedAnimIDs,Anim)
							end
						end
					end
				end
				local AnimatingNum = 0
				local PausedNum = 0
				for _, Joint in pairs(Joints) do
					if table.find(Animating,tostring(Joint.Part1)..Anim) then
						AnimatingNum += 1
					end
					if table.find(PauseAnims,tostring(Joint.Part1)..Anim) then
						PausedNum += 1
					end
				end
				if table.find(RunningAnims,Anim) and (PausedNum == AnimatingNum or string.sub(Anim,string.find(Anim,"/") + 1,string.find(Anim,"|") - 1) == "true") then
					table.insert(Delete,Anim)
					if table.find(PausedAnimIDs,Anim) then
						table.remove(PausedAnimIDs,table.find(PausedAnimIDs,Anim))
					end
				end
			end
		end
		for _, Anim in pairs(Delete) do
			table.remove(RunningAnims,table.find(RunningAnims,Anim))
		end
		local Loops = 0
		local TablesCompleted = {}
		repeat
			local Tween
			local CurrentTimePos = AnimationTable[1][1]
			local TweenTime = TweenTime or .1
			for v, Keyframe in pairs(AnimationTable) do
				for i = 2, #Keyframe do
					if Keyframe[i] and table.find(RunningAnims,Id) then
						if not table.find(PauseAnims,tostring(Joints[i - 1].Part1)..Id) then
							if typeof(Keyframe[i]) == "CFrame" then
								if v == 1 then
									if Loops < 1 then
										Tween = SetTween(Joints[i - 1],{C0 = Keyframe[i]},"Linear","In",TweenTime)
									else
										Tween = SetTween(Joints[i - 1],{C0 = Keyframe[i]},"Linear","In",.05 / Speed)
									end
								else
									Tween = SetTween(Joints[i - 1],{C0 = Keyframe[i]},"Linear","In",(Keyframe[1] - CurrentTimePos) / Speed)
								end
							else
								Joints[i - 1].Part0 = Keyframe[i][1]
								if v == 1 then
									if Loops < 1 then
										SetTween(Joints[i - 1],{C0 = Keyframe[i][2]},"Linear","In",0)
									else
										Tween = SetTween(Joints[i - 1],{C0 = Keyframe[i][2]},"Linear","In",.05 / Speed)
									end
								else
									Tween = SetTween(Joints[i - 1],{C0 = Keyframe[i][2]},"Linear","In",(Keyframe[1] - CurrentTimePos) / Speed)
								end
							end
						end
						if not table.find(Animating,tostring(Joints[i - 1].Part1)..Id) then
							table.insert(Animating,tostring(Joints[i - 1].Part1)..Id)
						end
					end
				end
				while Tween and Tween.PlaybackState ~= Enum.PlaybackState.Completed do
					if WaitForAnim and not table.find(RunningAnims,WaitForAnim) then
						WaitForAnim = nil
						for _, Joint in pairs(Joints) do
							if table.find(PauseAnims,tostring(Joint.Part1)..Id) then
								table.remove(PauseAnims,table.find(PauseAnims,tostring(Joint.Part1)..Id))
							end
						end
					end
					local AnimatingNum = 0
					local PausedNum = 0
					for _, Joint in pairs(Joints) do
						if table.find(Animating,tostring(Joint.Part1)..Id) then
							AnimatingNum += 1
						end
						if table.find(PauseAnims,tostring(Joint.Part1)..Id) then
							PausedNum += 1
						end
					end
					if PausedNum == AnimatingNum and table.find(RunningAnims,Id) then
						table.remove(RunningAnims,table.find(RunningAnims,Id))
					end
					if not table.find(RunningAnims,Id) then
						break
					end
					wait()
				end
				if FunctionsAfterTime and #FunctionsAfterTime > 0 then
					for _, Table in pairs(FunctionsAfterTime) do
						if Keyframe[1] >= Table[1] and not table.find(TablesCompleted,Table) then
							spawn(Table[2])
							table.insert(TablesCompleted,Table)
						end
					end
				end
				for i = 2, #Keyframe do
					if Keyframe[i] and AnimationTable[v + 1] and AnimationTable[v + 1][i] == false and table.find(RunningAnims,Id) then
						local LaterKeyframe
						local LaterTimePos
						for _, Keyframe in pairs({table.unpack(AnimationTable,v + 2)}) do
							if Keyframe[i] then
								LaterKeyframe = Keyframe
								LaterTimePos = Keyframe[1]
								break
							end
						end
						if LaterTimePos then
							if not table.find(PauseAnims,tostring(Joints[i - 1].Part1)..Id) then
								if typeof(Keyframe[i]) == "CFrame" then
									SetTween(Joints[i - 1],{C0 = LaterKeyframe[i]},"Linear","In",(LaterTimePos - Keyframe[1]) / Speed)
								else
									Joints[i - 1].Part0 = Keyframe[i][1]
									SetTween(Joints[i - 1],{C0 = LaterKeyframe[i][2]},"Linear","In",(LaterTimePos - Keyframe[1]) / Speed)
								end
							end
							if not table.find(Animating,tostring(Joints[i - 1].Part1)..Id) then
								table.insert(Animating,tostring(Joints[i - 1].Part1)..Id)
							end
						end
					end
				end
				CurrentTimePos = Keyframe[1]
			end
			Loops += 1
			if not Tween then
				wait()
			end
		until not Looped or not table.find(RunningAnims,Id)
		for _, OtherId in pairs(PausedAnimIDs) do
			for _, Joint in pairs(Joints) do
				if table.find(Animating,tostring(Joint.Part1)..Id) and table.find(PauseAnims,tostring(Joint.Part1)..OtherId) then
					table.remove(PauseAnims,table.find(PauseAnims,tostring(Joint.Part1)..OtherId))
				end
			end
		end
		for _, Joint in pairs(Joints) do
			for i, Anim in pairs(Animating) do
				if Anim == tostring(Joint.Part1)..Id then
					table.remove(Animating,i)
				end
			end
			for i, Anim in pairs(PauseAnims) do
				if Anim == tostring(Joint.Part1)..Id then
					table.remove(PauseAnims,i)
				end
			end
		end
		if table.find(RunningAnims,Id) then
			table.remove(RunningAnims,table.find(RunningAnims,Id))
		end
	end
	if WaitUntilFinish then
		Start()
	else
		spawn(Start)
	end
end

local Handle = Instance.new("Part",Char)
Handle.CanCollide = false
Handle.Size = Vector3.new(0.122, 0.182, 1.397)
Handle.Color = Color3.fromRGB(40,40,40)

RJ = CreateWeld({Part0 = RootPart,Part1 = Torso,Parent = RootPart})
Neck = CreateWeld({Part0 = Torso,Part1 = Head,C0 = CFrame.new(0,1.5,0),Parent = RootPart})
RS = CreateWeld({Part0 = Torso,Part1 = RA,C0 = CFrame.new(1.5,0,0),Parent = RootPart})
LS = CreateWeld({Part0 = Torso,Part1 = LA,C0 = CFrame.new(-1.5,0,0),Parent = RootPart})
RH = CreateWeld({Part0 = Torso,Part1 = RL,C0 = CFrame.new(.5,-2,0),Parent = RootPart})
LH = CreateWeld({Part0 = Torso,Part1 = LL,C0 = CFrame.new(-.5,-2,0),Parent = RootPart})
Grip = CreateWeld({Part0 = Torso,Part1 = Handle,C0 = CFrame.new(-2.95,1.79,.55) * CFrame.Angles(math.pi / 2,1.1,math.pi / 2),Parent = RootPart})

local goopie = {
	{
		0.000001800013706088066,
		CFrame.new(0, -0.332125664, 0, 1, 0, 0, 0, 1, 0, 0, 0, 1),
		CFrame.new(0, 1.55301666, 0, 1, 0, 0, 0, 1, 0, 0, 0, 1),
		CFrame.new(1.77906799, 0.306610823, -0.364201307, 0.516425312, -0.572645903, 0.636695802, 0.31396234, 0.818355262, 0.481375396, -0.796701014, -0.0486959368, 0.602408648),
		CFrame.new(-1.6080246, 0.237234592, -0.604978323, 0.413995594, 0.399948865, -0.817709386, -0.421465307, 0.880437732, 0.217247486, 0.806829989, 0.254696667, 0.533061922),
		CFrame.new(0.458641052, -1.75562549, -0.217154503, 0.880240321, -0.455026239, 0.134640992, 0.402504534, 0.866231799, 0.296028018, -0.251330823, -0.20638217, 0.945642233),
		CFrame.new(-0.481460571, -1.79196286, -0.194979191, 0.887072682, 0.441234291, -0.135699272, -0.38894242, 0.872709274, 0.295131058, 0.248647958, -0.209023505, 0.945771337),
	},
	{
		0.017413599998690188,
		CFrame.new(0, -0.318320274, 0, 1, 0, 0, 0, 1, 0, 0, 0, 1),
		CFrame.new(0, 1.55301666, 0, 1, 0, 0, 0, 1, 0, 0, 0, 1),
		CFrame.new(1.77981949, 0.307792664, -0.364206076, 0.515836716, -0.574136615, 0.635829866, 0.3148835, 0.817309618, 0.482548773, -0.796718776, -0.0487040281, 0.602384448),
		CFrame.new(-1.61384964, 0.243630886, -0.604997158, 0.408801049, 0.410592824, -0.815043032, -0.426441103, 0.875523448, 0.227170914, 0.806864083, 0.254700154, 0.533008575),
		CFrame.new(0.572040558, -1.74802613, -0.262060642, 0.922901273, -0.335150659, -0.189544857, 0.375183642, 0.893424332, 0.247042939, 0.0865473747, -0.299110383, 0.950285494),
		CFrame.new(-0.639434814, -1.77192879, -0.278571367, 0.914204538, 0.266481221, 0.305315852, -0.341999114, 0.911499858, 0.228483304, -0.217408836, -0.313298225, 0.924433649),
	},
	{
		0.03433530009351671,
		CFrame.new(0, -0.288779259, 0, 1, 0, 0, 0, 1, 0, 0, 0, 1),
		CFrame.new(0, 1.55301666, 0, 1, 0, 0, 0, 1, 0, 0, 0, 1),
		CFrame.new(1.78144455, 0.310407639, -0.364210367, 0.51458925, -0.577344298, 0.633933365, 0.316908211, 0.815047145, 0.485043526, -0.79672271, -0.0486994982, 0.60237962),
		CFrame.new(-1.6261673, 0.257559538, -0.60498786, 0.397633255, 0.433181226, -0.808852136, -0.436935127, 0.864565969, 0.248220637, 0.806830466, 0.254715115, 0.533052266),
		CFrame.new(0.780132294, -1.74608636, -0.22906661, 0.868882477, -0.0969582871, -0.485430032, 0.231041968, 0.946698904, 0.224456668, 0.437793165, -0.30718118, 0.844971478),
		CFrame.new(-0.908985138, -1.74975646, -0.187878132, 0.812314987, -0.0379152037, 0.581985235, -0.0979807675, 0.974829793, 0.200266436, -0.574929714, -0.219702795, 0.788153887),
	},
	{
		0.06704780005384237,
		CFrame.new(0, -0.288779259, 0, 1, 0, 0, 0, 1, 0, 0, 0, 1),
		CFrame.new(0, 1.55301666, 0, 1, 0, 0, 0, 1, 0, 0, 0, 1),
		CFrame.new(1.78144455, 0.310407639, -0.364210367, 0.51458925, -0.577344298, 0.633933365, 0.316908211, 0.815047145, 0.485043526, -0.79672271, -0.0486994982, 0.60237962),
		CFrame.new(-1.6261673, 0.257559538, -0.60498786, 0.397633255, 0.433181226, -0.808852136, -0.436935127, 0.864565969, 0.248220637, 0.806830466, 0.254715115, 0.533052266),
		CFrame.new(0.780132294, -1.74608636, -0.22906661, 0.868882477, -0.0969582871, -0.485430032, 0.231041968, 0.946698904, 0.224456668, 0.437793165, -0.30718118, 0.844971478),
		CFrame.new(-0.908985138, -1.74975646, -0.187878132, 0.812314987, -0.0379152037, 0.581985235, -0.0979807675, 0.974829793, 0.200266436, -0.574929714, -0.219702795, 0.788153887),
	},
	{
		0.08422760001849383,
		CFrame.new(0, -0.321771622, 0, 1, 0, 0, 0, 1, 0, 0, 0, 1),
		CFrame.new(0, 1.55301666, 0, 1, 0, 0, 0, 1, 0, 0, 0, 1),
		CFrame.new(1.77963257, 0.307497025, -0.364204884, 0.515983999, -0.573764145, 0.636046588, 0.314653397, 0.817571282, 0.482255578, -0.796714365, -0.0487020016, 0.602390528),
		CFrame.new(-1.61240005, 0.242028713, -0.60499239, 0.410105288, 0.407937557, -0.815720975, -0.425203174, 0.876764119, 0.224693179, 0.806855619, 0.25469929, 0.533021927),
		CFrame.new(0.541038513, -1.75077903, -0.24626565, 0.923429728, -0.36806199, -0.108664364, 0.38376537, 0.886603534, 0.258182883, 0.00131490082, -0.280115366, 0.959965467),
		CFrame.new(-0.593727112, -1.77880764, -0.249492645, 0.928593993, 0.314542919, 0.19691588, -0.357002109, 0.902038991, 0.242641866, -0.101304516, -0.295615196, 0.949920535),
	},
	{
		0.11703470000065863,
		CFrame.new(0, -0.318320274, 0, 1, 0, 0, 0, 1, 0, 0, 0, 1),
		CFrame.new(0, 1.55301666, 0, 1, 0, 0, 0, 1, 0, 0, 0, 1),
		CFrame.new(1.77981949, 0.307792664, -0.364206076, 0.515836716, -0.574136615, 0.635829866, 0.314883471, 0.817309618, 0.482548773, -0.796718776, -0.0487040281, 0.602384448),
		CFrame.new(-1.61384964, 0.243630886, -0.604997158, 0.408801049, 0.410592884, -0.815043032, -0.426441163, 0.875523448, 0.227170944, 0.806864083, 0.254700184, 0.533008575),
		CFrame.new(0.572040558, -1.74802613, -0.262060642, 0.922901273, -0.33515057, -0.189544976, 0.375183612, 0.893424332, 0.247042924, 0.0865475237, -0.299110383, 0.950285494),
		CFrame.new(-0.639434814, -1.77192879, -0.278571367, 0.914204538, 0.266481072, 0.305315971, -0.341999024, 0.911499858, 0.22848326, -0.217409015, -0.313298225, 0.924433589),
	},
	{
		0.13404520007316023,
		CFrame.new(0, -0.288779259, 0, 1, 0, 0, 0, 1, 0, 0, 0, 1),
		CFrame.new(0, 1.55301666, 0, 1, 0, 0, 0, 1, 0, 0, 0, 1),
		CFrame.new(1.78144455, 0.310407639, -0.364210367, 0.51458925, -0.577344298, 0.633933365, 0.316908211, 0.815047145, 0.485043526, -0.79672271, -0.0486994982, 0.60237962),
		CFrame.new(-1.6261673, 0.257559538, -0.60498786, 0.397633255, 0.433181226, -0.808852136, -0.436935127, 0.864565969, 0.248220637, 0.806830466, 0.254715115, 0.533052266),
		CFrame.new(0.780132294, -1.74608636, -0.22906661, 0.868882477, -0.0969582871, -0.485430032, 0.231041968, 0.946698904, 0.224456668, 0.437793165, -0.30718118, 0.844971478),
		CFrame.new(-0.908985138, -1.74975646, -0.187878132, 0.812314987, -0.0379152037, 0.581985235, -0.0979807675, 0.974829793, 0.200266436, -0.574929714, -0.219702795, 0.788153887),
	},
	{
		0.15094910003244877,
		CFrame.new(0, -0.274998426, 0, 1, 0, 0, 0, 1, 0, 0, 0, 1),
		CFrame.new(0, 1.55301642, 0, 1, 0, 0, 0, 1, 0, 0, 0, 1),
		CFrame.new(1.7821846, 0.311592579, -0.364216328, 0.513992965, -0.578830361, 0.633061409, 0.317826062, 0.813992143, 0.486213446, -0.796742082, -0.0487068444, 0.602353573),
		CFrame.new(-1.6317749, 0.264219999, -0.605016708, 0.392280132, 0.443641365, -0.805790722, -0.441806138, 0.859218597, 0.257974148, 0.806798398, 0.254805148, 0.533057868),
		CFrame.new(0.859710693, -1.75192022, -0.173425674, 0.849888861, -0.00556290895, -0.526932716, 0.13837561, 0.967209339, 0.212974846, 0.508469462, -0.253919572, 0.822790205),
		CFrame.new(-0.969779968, -1.75322855, -0.0847582817, 0.796959817, -0.106459312, 0.594576776, 0.0221759751, 0.98883903, 0.147327945, -0.603625119, -0.104229137, 0.790425837),
	},
	{
		0.18383630004245788,
		CFrame.new(0, -0.318320274, 0, 1, 0, 0, 0, 1, 0, 0, 0, 1),
		CFrame.new(0, 1.55301666, 0, 1, 0, 0, 0, 1, 0, 0, 0, 1),
		CFrame.new(1.77981949, 0.307792664, -0.364206076, 0.515836716, -0.574136615, 0.635829866, 0.3148835, 0.817309618, 0.482548773, -0.796718776, -0.0487040281, 0.602384448),
		CFrame.new(-1.61384964, 0.243630886, -0.604997158, 0.408801049, 0.410592824, -0.815043032, -0.426441103, 0.875523448, 0.227170914, 0.806864083, 0.254700154, 0.533008575),
		CFrame.new(0.572040558, -1.74802613, -0.262060642, 0.922901273, -0.335150659, -0.189544857, 0.375183642, 0.893424332, 0.247042939, 0.0865473747, -0.299110383, 0.950285494),
		CFrame.new(-0.639434814, -1.77192879, -0.278571367, 0.914204538, 0.266481221, 0.305315852, -0.341999114, 0.911499858, 0.228483304, -0.217408836, -0.313298225, 0.924433649),
	},
	{
		0.20090870000422,
		CFrame.new(0, -0.332125664, 0, 1, 0, 0, 0, 1, 0, 0, 0, 1),
		CFrame.new(0, 1.55301666, 0, 1, 0, 0, 0, 1, 0, 0, 0, 1),
		CFrame.new(1.77906799, 0.306610823, -0.364201307, 0.516425312, -0.572645903, 0.636695802, 0.31396234, 0.818355262, 0.481375396, -0.796701014, -0.0486959368, 0.602408648),
		CFrame.new(-1.6080246, 0.237234592, -0.604978323, 0.413995594, 0.399948865, -0.817709386, -0.421465307, 0.880437732, 0.217247486, 0.806829989, 0.254696667, 0.533061922),
		CFrame.new(0.458641052, -1.75562549, -0.217154503, 0.880240321, -0.455026239, 0.134640992, 0.402504534, 0.866231799, 0.296028018, -0.251330823, -0.20638217, 0.945642233),
		CFrame.new(-0.481460571, -1.79196286, -0.194979191, 0.887072682, 0.441234291, -0.135699272, -0.38894242, 0.872709274, 0.295131058, 0.248647958, -0.209023505, 0.945771337),
	},
	{
		0.21763710002414882,
		CFrame.new(0, -0.318320274, 0, 1, 0, 0, 0, 1, 0, 0, 0, 1),
		CFrame.new(0, 1.55301666, 0, 1, 0, 0, 0, 1, 0, 0, 0, 1),
		CFrame.new(1.77981949, 0.307792664, -0.364206076, 0.515836716, -0.574136615, 0.635829866, 0.3148835, 0.817309618, 0.482548773, -0.796718776, -0.0487040281, 0.602384448),
		CFrame.new(-1.61384964, 0.243630886, -0.604997158, 0.408801049, 0.410592824, -0.815043032, -0.426441103, 0.875523448, 0.227170914, 0.806864083, 0.254700154, 0.533008575),
		CFrame.new(0.572040558, -1.74802613, -0.262060642, 0.922901273, -0.335150659, -0.189544857, 0.375183642, 0.893424332, 0.247042939, 0.0865473747, -0.299110383, 0.950285494),
		CFrame.new(-0.639434814, -1.77192879, -0.278571367, 0.914204538, 0.266481221, 0.305315852, -0.341999114, 0.911499858, 0.228483304, -0.217408836, -0.313298225, 0.924433649),
	},
	{
		0.2503102000337094,
		CFrame.new(0, -0.274998426, 0, 1, 0, 0, 0, 1, 0, 0, 0, 1),
		CFrame.new(0, 1.55301642, 0, 1, 0, 0, 0, 1, 0, 0, 0, 1),
		CFrame.new(1.7821846, 0.311592579, -0.364216328, 0.513992965, -0.578830361, 0.633061409, 0.317826062, 0.813992143, 0.486213446, -0.796742082, -0.0487068444, 0.602353573),
		CFrame.new(-1.6317749, 0.264219999, -0.605016708, 0.392280132, 0.443641365, -0.805790722, -0.441806138, 0.859218597, 0.257974148, 0.806798398, 0.254805148, 0.533057868),
		CFrame.new(0.859710693, -1.75192022, -0.173425674, 0.849888861, -0.00556290895, -0.526932716, 0.13837561, 0.967209339, 0.212974846, 0.508469462, -0.253919572, 0.822790205),
		CFrame.new(-0.969779968, -1.75322855, -0.0847582817, 0.796959817, -0.106459312, 0.594576776, 0.0221759751, 0.98883903, 0.147327945, -0.603625119, -0.104229137, 0.790425837),
	},
	{
		0.26699620008002967,
		CFrame.new(0, -0.288779259, 0, 1, 0, 0, 0, 1, 0, 0, 0, 1),
		CFrame.new(0, 1.55301666, 0, 1, 0, 0, 0, 1, 0, 0, 0, 1),
		CFrame.new(1.78144455, 0.310407639, -0.364210367, 0.51458925, -0.577344298, 0.633933365, 0.316908211, 0.815047145, 0.485043526, -0.79672271, -0.0486994982, 0.60237962),
		CFrame.new(-1.6261673, 0.257559538, -0.60498786, 0.397633255, 0.433181226, -0.808852136, -0.436935127, 0.864565969, 0.248220637, 0.806830466, 0.254715115, 0.533052266),
		CFrame.new(0.780132294, -1.74608636, -0.22906661, 0.868882477, -0.0969582871, -0.485430032, 0.231041968, 0.946698904, 0.224456668, 0.437793165, -0.30718118, 0.844971478),
		CFrame.new(-0.908985138, -1.74975646, -0.187878132, 0.812314987, -0.0379152037, 0.581985235, -0.0979807675, 0.974829793, 0.200266436, -0.574929714, -0.219702795, 0.788153887),
	},
	{
		0.2840710000600666,
		CFrame.new(0, -0.318320274, 0, 1, 0, 0, 0, 1, 0, 0, 0, 1),
		CFrame.new(0, 1.55301666, 0, 1, 0, 0, 0, 1, 0, 0, 0, 1),
		CFrame.new(1.77981949, 0.307792664, -0.364206076, 0.515836716, -0.574136615, 0.635829866, 0.3148835, 0.817309618, 0.482548773, -0.796718776, -0.0487040281, 0.602384448),
		CFrame.new(-1.61384964, 0.243630886, -0.604997158, 0.408801049, 0.410592824, -0.815043032, -0.426441103, 0.875523448, 0.2271709, 0.806864083, 0.254700154, 0.533008575),
		CFrame.new(0.572040558, -1.74802613, -0.262060404, 0.922901332, -0.335150927, -0.189544261, 0.375183731, 0.893424273, 0.247043014, 0.0865467489, -0.299110234, 0.950285614),
		CFrame.new(-0.639431, -1.77192891, -0.278571129, 0.914204717, 0.266481578, 0.305315107, -0.341999233, 0.911499798, 0.228483409, -0.217408031, -0.313298136, 0.924433887),
	},
	{
		0.3013709000078961,
		CFrame.new(0, -0.332125664, 0, 1, 0, 0, 0, 1, 0, 0, 0, 1),
		CFrame.new(0, 1.55301666, 0, 1, 0, 0, 0, 1, 0, 0, 0, 1),
		CFrame.new(1.77906799, 0.306610823, -0.364201307, 0.516425312, -0.572645903, 0.636695802, 0.31396234, 0.818355262, 0.481375396, -0.796701014, -0.0486959368, 0.602408648),
		CFrame.new(-1.6080246, 0.237234592, -0.604978561, 0.413995475, 0.399948925, -0.817709386, -0.421465367, 0.880437672, 0.217247561, 0.806829989, 0.254696727, 0.533061802),
		CFrame.new(0.458641052, -1.75562549, -0.217154741, 0.8802405, -0.455026001, 0.134640411, 0.402504474, 0.866231859, 0.296027899, -0.251330197, -0.206382379, 0.945642352),
		CFrame.new(-0.481460571, -1.79196274, -0.194979191, 0.88707298, 0.441234082, -0.135698527, -0.388942391, 0.872709334, 0.295130908, 0.248647183, -0.209023774, 0.945771456),
	},
	{
		0.33388120005838573,
		CFrame.new(0, -0.288779259, 0, 1, 0, 0, 0, 1, 0, 0, 0, 1),
		CFrame.new(0, 1.55301666, 0, 1, 0, 0, 0, 1, 0, 0, 0, 1),
		CFrame.new(1.78144455, 0.310407639, -0.364210367, 0.51458925, -0.577344298, 0.633933365, 0.316908211, 0.815047145, 0.485043526, -0.79672271, -0.0486994982, 0.60237962),
		CFrame.new(-1.6261673, 0.257559538, -0.60498786, 0.397633255, 0.433181256, -0.808852136, -0.436935097, 0.864565969, 0.248220652, 0.806830466, 0.254715115, 0.533052266),
		CFrame.new(0.780132294, -1.74608636, -0.229066372, 0.868882418, -0.0969581008, -0.485430121, 0.231041789, 0.946698964, 0.224456638, 0.437793314, -0.30718109, 0.844971478),
		CFrame.new(-0.908985138, -1.74975634, -0.187877893, 0.812314928, -0.0379153378, 0.581985295, -0.0979805589, 0.974829793, 0.200266361, -0.574929774, -0.219702601, 0.788153887),
	},
	{
		0.35174960002768785,
		CFrame.new(0, -0.274998426, 0, 1, 0, 0, 0, 1, 0, 0, 0, 1),
		CFrame.new(0, 1.55301642, 0, 1, 0, 0, 0, 1, 0, 0, 0, 1),
		CFrame.new(1.7821846, 0.311592579, -0.364216328, 0.513992965, -0.578830361, 0.633061409, 0.317826062, 0.813992143, 0.486213446, -0.796742082, -0.0487068444, 0.602353573),
		CFrame.new(-1.63177109, 0.264219999, -0.605016708, 0.392280132, 0.443641305, -0.805790722, -0.441806078, 0.859218597, 0.257974088, 0.806798398, 0.254805148, 0.533057809),
		CFrame.new(0.859710693, -1.75192034, -0.173425674, 0.849888921, -0.00556322932, -0.526932538, 0.138375953, 0.967209339, 0.212974876, 0.508469164, -0.25391978, 0.822790325),
		CFrame.new(-0.969779968, -1.75322866, -0.0847587585, 0.796959817, -0.106459096, 0.594576716, 0.0221755393, 0.98883909, 0.147328138, -0.603625059, -0.10422954, 0.790425777),
	},
	{
		0.38393530005123466,
		CFrame.new(0, -0.318320274, 0, 1, 0, 0, 0, 1, 0, 0, 0, 1),
		CFrame.new(0, 1.55301666, 0, 1, 0, 0, 0, 1, 0, 0, 0, 1),
		CFrame.new(1.77981949, 0.307792664, -0.364206076, 0.515836716, -0.574136615, 0.635829866, 0.3148835, 0.817309618, 0.482548773, -0.796718776, -0.0487040281, 0.602384448),
		CFrame.new(-1.61384964, 0.243630886, -0.604997158, 0.408801049, 0.410592824, -0.815043032, -0.426441103, 0.875523448, 0.2271709, 0.806864083, 0.254700184, 0.533008575),
		CFrame.new(0.572040558, -1.74802613, -0.262060404, 0.922901332, -0.335151166, -0.189543694, 0.375183791, 0.893424213, 0.247043073, 0.0865461454, -0.299110115, 0.950285673),
		CFrame.new(-0.639431, -1.77192891, -0.27857089, 0.914204836, 0.266481906, 0.305314362, -0.341999382, 0.911499679, 0.228483468, -0.217407227, -0.313298017, 0.924434125),
	},
	{
		0.41775080002844334,
		CFrame.new(0, -0.318320036, 0, 1, 0, 0, 0, 1, 0, 0, 0, 1),
		CFrame.new(0, 1.55301642, 0, 1, 0, 0, 0, 1, 0, 0, 0, 1),
		CFrame.new(1.77981949, 0.307792664, -0.364206076, 0.515836716, -0.574136615, 0.635829866, 0.3148835, 0.817309618, 0.482548773, -0.796718776, -0.0487040281, 0.602384448),
		CFrame.new(-1.61384964, 0.243630886, -0.604997158, 0.408801049, 0.410592914, -0.815043032, -0.426441133, 0.875523448, 0.227170974, 0.806864083, 0.254700154, 0.533008575),
		CFrame.new(0.572044373, -1.74802613, -0.262060404, 0.922901332, -0.335149854, -0.189545959, 0.375183195, 0.893424571, 0.24704279, 0.0865486562, -0.299110591, 0.950285316),
		CFrame.new(-0.639434814, -1.77192891, -0.27857089, 0.914204538, 0.266480148, 0.305316925, -0.341998339, 0.911500216, 0.228483096, -0.217410266, -0.313298166, 0.92443341),
	},
	{
		0.45170360000338405,
		CFrame.new(0, -0.274998426, 0, 1, 0, 0, 0, 1, 0, 0, 0, 1),
		CFrame.new(0, 1.55301642, 0, 1, 0, 0, 0, 1, 0, 0, 0, 1),
		CFrame.new(1.7821846, 0.311592579, -0.364216328, 0.513992965, -0.578830361, 0.633061409, 0.317826062, 0.813992143, 0.486213446, -0.796742082, -0.0487068444, 0.602353573),
		CFrame.new(-1.63177109, 0.264219999, -0.605016708, 0.392280132, 0.443641305, -0.805790722, -0.441806078, 0.859218597, 0.257974088, 0.806798398, 0.254805148, 0.533057809),
		CFrame.new(0.859710693, -1.7519201, -0.173425913, 0.84988898, -0.00556339324, -0.526932418, 0.138376117, 0.96720922, 0.212974876, 0.508469045, -0.25391987, 0.822790325),
		CFrame.new(-0.969779968, -1.75322866, -0.084758997, 0.796959877, -0.106458977, 0.594576716, 0.0221753158, 0.98883903, 0.147328258, -0.603625059, -0.104229778, 0.790425777),
	},
	{
		0.4841280000982806,
		CFrame.new(0, -0.318320274, 0, 1, 0, 0, 0, 1, 0, 0, 0, 1),
		CFrame.new(0, 1.55301666, 0, 1, 0, 0, 0, 1, 0, 0, 0, 1),
		CFrame.new(1.77981949, 0.307792664, -0.364206076, 0.515836716, -0.574136615, 0.635829866, 0.3148835, 0.817309618, 0.482548773, -0.796718776, -0.0487040281, 0.602384448),
		CFrame.new(-1.61384964, 0.243630886, -0.604997158, 0.408801168, 0.410592765, -0.815043092, -0.426441103, 0.875523567, 0.22717084, 0.806864142, 0.254700154, 0.533008635),
		CFrame.new(0.572040558, -1.74802613, -0.262060165, 0.922901392, -0.335151643, -0.189542577, 0.37518391, 0.893424094, 0.247043207, 0.0865449458, -0.299109846, 0.950285852),
		CFrame.new(-0.639431, -1.77192903, -0.278570414, 0.914205194, 0.266482651, 0.305312812, -0.34199959, 0.911499619, 0.228483677, -0.217405573, -0.313297808, 0.924434602),
	},
	{
		0.5170792000135407,
		CFrame.new(0, -0.318320036, 0, 1, 0, 0, 0, 1, 0, 0, 0, 1),
		CFrame.new(0, 1.55301642, 0, 1, 0, 0, 0, 1, 0, 0, 0, 1),
		CFrame.new(1.77981949, 0.307792664, -0.364206314, 0.515836716, -0.574136734, 0.635829806, 0.31488359, 0.817309618, 0.482548833, -0.796718836, -0.0487039834, 0.602384508),
		CFrame.new(-1.61384964, 0.243631124, -0.604997158, 0.408801168, 0.410593033, -0.815042973, -0.426441193, 0.875523448, 0.227171019, 0.806864023, 0.254700124, 0.533008754),
		CFrame.new(0.572044373, -1.74802625, -0.262060165, 0.922901392, -0.33514899, -0.189547062, 0.375182688, 0.893424809, 0.247042581, 0.0865499452, -0.29911074, 0.950285137),
		CFrame.new(-0.639434814, -1.77192903, -0.278570175, 0.914204478, 0.266479105, 0.305317968, -0.341997594, 0.911500573, 0.228482842, -0.217411608, -0.313298047, 0.924433112),
	},
	{
		0.534016500110738,
		CFrame.new(0, -0.288779259, 0, 1, 0, 0, 0, 1, 0, 0, 0, 1),
		CFrame.new(0, 1.55301666, 0, 1, 0, 0, 0, 1, 0, 0, 0, 1),
		CFrame.new(1.78144455, 0.310407639, -0.364210367, 0.51458925, -0.577344298, 0.633933365, 0.316908211, 0.815047145, 0.485043526, -0.79672271, -0.0486994982, 0.60237962),
		CFrame.new(-1.6261673, 0.257559538, -0.60498786, 0.397633255, 0.433181286, -0.808852136, -0.436935127, 0.864565969, 0.248220667, 0.806830466, 0.254715115, 0.533052266),
		CFrame.new(0.780132294, -1.74608636, -0.229066372, 0.868882418, -0.0969579369, -0.485430211, 0.231041625, 0.946699023, 0.224456608, 0.437793463, -0.307181001, 0.844971418),
		CFrame.new(-0.908985138, -1.74975634, -0.187877655, 0.812314928, -0.0379154496, 0.581985235, -0.0979803354, 0.974829793, 0.200266272, -0.574929833, -0.219702393, 0.788153887),
	},
	{
		0.5509422000031918,
		CFrame.new(0, -0.274998426, 0, 1, 0, 0, 0, 1, 0, 0, 0, 1),
		CFrame.new(0, 1.55301642, 0, 1, 0, 0, 0, 1, 0, 0, 0, 1),
		CFrame.new(1.7821846, 0.311592579, -0.364216328, 0.513992965, -0.578830361, 0.633061409, 0.317826062, 0.813992143, 0.486213446, -0.796742082, -0.0487068444, 0.602353573),
		CFrame.new(-1.63177109, 0.264219999, -0.605016708, 0.392280132, 0.443641305, -0.805790722, -0.441806078, 0.859218597, 0.257974088, 0.806798398, 0.254805148, 0.533057809),
		CFrame.new(0.859710693, -1.75192034, -0.173425674, 0.849888921, -0.00556322932, -0.526932538, 0.138375953, 0.967209339, 0.212974876, 0.508469164, -0.25391978, 0.822790325),
		CFrame.new(-0.969779968, -1.75322866, -0.0847587585, 0.796959817, -0.106459096, 0.594576716, 0.0221755393, 0.98883909, 0.147328138, -0.603625059, -0.10422954, 0.790425777),
	},
	{
		0.5678583000553772,
		CFrame.new(0, -0.288779259, 0, 1, 0, 0, 0, 1, 0, 0, 0, 1),
		CFrame.new(0, 1.55301666, 0, 1, 0, 0, 0, 1, 0, 0, 0, 1),
		CFrame.new(1.78144455, 0.310407639, -0.364210367, 0.51458925, -0.577344298, 0.633933365, 0.316908211, 0.815047145, 0.485043526, -0.79672271, -0.0486994982, 0.60237962),
		CFrame.new(-1.6261673, 0.257559538, -0.60498786, 0.397633255, 0.433181167, -0.808852136, -0.436935067, 0.864565969, 0.248220578, 0.806830466, 0.254715145, 0.533052206),
		CFrame.new(0.780132294, -1.74608636, -0.22906661, 0.868882954, -0.096959129, -0.485429049, 0.231042489, 0.946698785, 0.224456668, 0.437791944, -0.307181299, 0.844972074),
		CFrame.new(-0.908985138, -1.74975669, -0.187878132, 0.812315702, -0.0379141793, 0.581984341, -0.097981669, 0.974829733, 0.200266421, -0.574928582, -0.219703346, 0.788154602),
	},
	{
		0.6012782000470906,
		CFrame.new(0, -0.332125664, 0, 1, 0, 0, 0, 1, 0, 0, 0, 1),
		CFrame.new(0, 1.55301666, 0, 1, 0, 0, 0, 1, 0, 0, 0, 1),
		CFrame.new(1.77906799, 0.306610823, -0.364201307, 0.516425312, -0.572645903, 0.636695802, 0.31396234, 0.818355262, 0.481375396, -0.796701014, -0.0486959368, 0.602408648),
		CFrame.new(-1.6080246, 0.237234592, -0.604978323, 0.413995594, 0.399948865, -0.817709386, -0.421465307, 0.880437732, 0.217247486, 0.806829989, 0.254696667, 0.533061922),
		CFrame.new(0.458641052, -1.75562549, -0.217154503, 0.880240321, -0.455026239, 0.134640992, 0.402504534, 0.866231799, 0.296028018, -0.251330823, -0.20638217, 0.945642233),
		CFrame.new(-0.481460571, -1.79196286, -0.194979191, 0.887072682, 0.441234291, -0.135699272, -0.38894242, 0.872709274, 0.295131058, 0.248647958, -0.209023505, 0.945771337),
	},
	{
		0.6343931000446901,
		CFrame.new(0, -0.288779259, 0, 1, 0, 0, 0, 1, 0, 0, 0, 1),
		CFrame.new(0, 1.55301666, 0, 1, 0, 0, 0, 1, 0, 0, 0, 1),
		CFrame.new(1.78144455, 0.310407639, -0.364210367, 0.51458925, -0.577344298, 0.633933365, 0.316908211, 0.815047145, 0.485043526, -0.79672271, -0.0486994982, 0.60237962),
		CFrame.new(-1.6261673, 0.257559538, -0.60498786, 0.397633255, 0.433181167, -0.808852136, -0.436935067, 0.864565969, 0.248220578, 0.806830466, 0.254715145, 0.533052206),
		CFrame.new(0.780132294, -1.74608636, -0.22906661, 0.868882954, -0.096959129, -0.485429049, 0.231042489, 0.946698785, 0.224456668, 0.437791944, -0.307181299, 0.844972074),
		CFrame.new(-0.908985138, -1.74975669, -0.187878132, 0.812315702, -0.0379141793, 0.581984341, -0.097981669, 0.974829733, 0.200266421, -0.574928582, -0.219703346, 0.788154602),
	},
	{
		0.6514593000756577,
		CFrame.new(0, -0.274998426, 0, 1, 0, 0, 0, 1, 0, 0, 0, 1),
		CFrame.new(0, 1.55301642, 0, 1, 0, 0, 0, 1, 0, 0, 0, 1),
		CFrame.new(1.7821846, 0.311592579, -0.364216328, 0.513992965, -0.578830361, 0.633061409, 0.317826062, 0.813992143, 0.486213446, -0.796742082, -0.0487068444, 0.602353573),
		CFrame.new(-1.63177109, 0.264219999, -0.605016708, 0.392280132, 0.443641305, -0.805790722, -0.441806078, 0.859218597, 0.257974088, 0.806798398, 0.254805148, 0.533057809),
		CFrame.new(0.859710693, -1.75192034, -0.173425674, 0.849888921, -0.00556322932, -0.526932538, 0.138375953, 0.967209339, 0.212974876, 0.508469164, -0.25391978, 0.822790325),
		CFrame.new(-0.969779968, -1.75322866, -0.0847587585, 0.796959817, -0.106459096, 0.594576716, 0.0221755393, 0.98883909, 0.147328138, -0.603625059, -0.10422954, 0.790425777),
	},
	{
		0.6839473000727594,
		CFrame.new(0, -0.318320036, 0, 1, 0, 0, 0, 1, 0, 0, 0, 1),
		CFrame.new(0, 1.55301642, 0, 1, 0, 0, 0, 1, 0, 0, 0, 1),
		CFrame.new(1.77981949, 0.307792664, -0.364206076, 0.515836716, -0.574136615, 0.635829866, 0.3148835, 0.817309618, 0.482548773, -0.796718776, -0.0487040281, 0.602384448),
		CFrame.new(-1.61384964, 0.243630886, -0.604997158, 0.408801049, 0.410592914, -0.815043032, -0.426441133, 0.875523448, 0.227170974, 0.806864083, 0.254700154, 0.533008575),
		CFrame.new(0.572044373, -1.74802613, -0.262060404, 0.922901332, -0.335149854, -0.189545959, 0.375183195, 0.893424571, 0.24704279, 0.0865486562, -0.299110591, 0.950285316),
		CFrame.new(-0.639434814, -1.77192891, -0.27857089, 0.914204538, 0.266480148, 0.305316925, -0.341998339, 0.911500216, 0.228483096, -0.217410266, -0.313298166, 0.92443341),
	},
	{
		0.7179671000922099,
		CFrame.new(0, -0.31093502, 0, 1, 0, 0, 0, 1, 0, 0, 0, 1),
		CFrame.new(0, 1.55301666, 0, 1, 0, 0, 0, 1, 0, 0, 0, 1),
		CFrame.new(1.78022385, 0.30844593, -0.364207268, 0.515525818, -0.574939311, 0.635356605, 0.31539017, 0.816745341, 0.483173132, -0.79671973, -0.0487029701, 0.602383435),
		CFrame.new(-1.6169548, 0.247098923, -0.604994774, 0.406034768, 0.416266322, -0.813546658, -0.429091632, 0.872839153, 0.232448131, 0.806855679, 0.254703999, 0.533019423),
		CFrame.new(0.618530273, -1.75147784, -0.246484041, 0.923245668, -0.276993752, -0.266255379, 0.341229796, 0.909638941, 0.236895084, 0.176577806, -0.309566617, 0.934338689),
		CFrame.new(-0.696777344, -1.77522206, -0.247211695, 0.906283915, 0.189117059, 0.378000289, -0.284327894, 0.934502184, 0.214157283, -0.312741309, -0.301563323, 0.900695562),
	},
	{
		0.7507964000105858,
		CFrame.new(0.000179290771, -0.278152704, 6.19888306e-06, 0.999999881, 0.000453177636, 4.31597764e-05, -0.000453177636, 0.999999881, -1.12512133e-08, -4.31597764e-05, -1.12512133e-08, 1),
		CFrame.new(0.000450134277, 1.55301619, -4.76837158e-07, 0.999999523, 0.000906355388, 0, -0.000906355388, 0.999999523, -2.94337887e-09, 3.63797881e-12, -2.94338065e-09, 1),
		CFrame.new(1.78201675, 0.311322689, -0.364218712, 0.514119506, -0.578500509, 0.633260131, 0.317620158, 0.814226627, 0.485954911, -0.796742439, -0.0487027466, 0.602353275),
		CFrame.new(-1.6281929, 0.260751486, -0.604429483, 0.388645232, 0.441564679, -0.808687389, -0.435625613, 0.861451805, 0.261019111, 0.811902225, 0.2508412, 0.527156115),
		CFrame.new(0.841598511, -1.75111842, -0.186079264, 0.85476613, -0.0266102385, -0.518330634, 0.160471395, 0.963300824, 0.215175107, 0.493582517, -0.267101675, 0.827667236),
		CFrame.new(-0.955287933, -1.75419199, -0.108753443, 0.801132262, -0.0920834839, 0.591360748, -0.00468794489, 0.987096727, 0.160056233, -0.59846884, -0.130998507, 0.790363491),
	},
	{
		0.7844619000097737,
		CFrame.new(0.00115203857, -0.319915771, 3.71932983e-05, 0.99999553, 0.00297816074, 0.000323615997, -0.00297813979, 0.999995589, -6.52224116e-05, -0.000323808024, 6.42623927e-05, 0.99999994),
		CFrame.new(0.00291061401, 1.55300808, 2.38418579e-07, 0.999983072, 0.00582680339, 7.85803422e-10, -0.00582680246, 0.999983072, 4.04543243e-09, 7.85803422e-10, 4.04543243e-09, 1),
		CFrame.new(1.77972794, 0.307692289, -0.364227295, 0.51584959, -0.574013889, 0.635930359, 0.314794689, 0.817396939, 0.482459188, -0.796745539, -0.0486888364, 0.602350235),
		CFrame.new(-1.59875488, 0.231164694, -0.600108624, 0.377823889, 0.412026167, -0.829146326, -0.394013047, 0.881940424, 0.258717895, 0.837856054, 0.2289446, 0.495561838),
		CFrame.new(0.55790329, -1.74888074, -0.247372627, 0.923293948, -0.355901033, -0.144439682, 0.382193029, 0.888657391, 0.253409922, 0.0381685272, -0.289175659, 0.956514835),
		CFrame.new(-0.607955933, -1.77895308, -0.249043226, 0.92876178, 0.289506465, 0.23149009, -0.342747957, 0.908544779, 0.23889412, -0.141157672, -0.30121842, 0.943049312),
	},
	{
		0.8173521000426263,
		CFrame.new(-0.0043296814, -0.331952572, -0.000222682953, 0.999944627, -0.0104445415, -0.00129615143, 0.0104448767, 0.999945402, 0.000252196071, 0.00129344594, -0.000265723414, 0.999999106),
		CFrame.new(-0.011516571, 1.55288363, 8.63075256e-05, 0.999734461, -0.0230461974, 1.98872294e-06, 0.0230461974, 0.999734402, -0.000172633867, 1.98860653e-06, 0.000172627566, 0.99999994),
		CFrame.new(1.77907562, 0.306610584, -0.364201546, 0.516425312, -0.572645962, 0.636695862, 0.31396234, 0.818355203, 0.481375396, -0.796700954, -0.0486959331, 0.602408648),
		CFrame.new(-1.67259216, 0.277061224, -0.602646112, 0.540076852, 0.397914231, -0.741607308, -0.51960212, 0.85082984, 0.0781169981, 0.662065387, 0.343151569, 0.666270554),
		CFrame.new(0.449485779, -1.75821865, -0.216588259, 0.886416554, -0.440619797, 0.141845077, 0.387833297, 0.874239266, 0.29204613, -0.252687782, -0.203862265, 0.945827186),
		CFrame.new(-0.494979858, -1.78910756, -0.200637102, 0.885057986, 0.451597184, -0.112837486, -0.403927863, 0.865587056, 0.295975178, 0.231332198, -0.21637696, 0.948507488),
	},
	{
		0.8342680000932887,
		CFrame.new(-0.0113067627, -0.322353125, -0.000618457794, 0.999647141, -0.0263244435, -0.00354794995, 0.0263268873, 0.999653161, 0.000643917359, 0.00352976774, -0.000737100607, 0.999993503),
		CFrame.new(-0.030418396, 1.55209184, 0.000300645828, 0.998148263, -0.0608283281, -6.78955112e-05, 0.0608282723, 0.998148024, -0.000606598624, 0.000104665523, 0.000601337582, 0.999999821),
		CFrame.new(1.77962112, 0.307464361, -0.364197969, 0.51598841, -0.573738992, 0.636065543, 0.314603657, 0.817586958, 0.48226124, -0.796731055, -0.0487327278, 0.602365911),
		CFrame.new(-1.7955246, 0.334133625, -0.538064241, 0.71727109, 0.434930831, -0.544386983, -0.609465182, 0.770298302, -0.187596798, 0.337748677, 0.466342717, 0.817587972),
		CFrame.new(0.51316452, -1.75958729, -0.251427174, 0.937176645, -0.33847639, -0.0844600126, 0.348683953, 0.901270688, 0.257158786, -0.0109208478, -0.270453095, 0.96267122),
		CFrame.new(-0.628162384, -1.76519644, -0.274828196, 0.906704903, 0.34225595, 0.246468946, -0.398248106, 0.88715899, 0.233125061, -0.138868704, -0.30953154, 0.940694213),
	},
	{
		0.851455399999395,
		CFrame.new(-0.0216712952, -0.302399397, -0.00121235847, 0.998690188, -0.0506929047, -0.00693909591, 0.0507025905, 0.998713017, 0.00122716522, 0.0068679559, -0.0015773942, 0.999975145),
		CFrame.new(-0.0582809448, 1.54960775, 0.000605821609, 0.99318409, -0.116555668, -0.000208267011, 0.116555303, 0.993183374, -0.00124441797, 0.000351887662, 0.00121164951, 0.999999166),
		CFrame.new(1.78074646, 0.30929637, -0.364215851, 0.515115559, -0.575981319, 0.634745121, 0.316059679, 0.816011727, 0.483974159, -0.79671967, -0.0486852825, 0.602384865),
		CFrame.new(-1.95851135, 0.365224361, -0.31690383, 0.805831254, 0.574701786, -0.142666921, -0.523280084, 0.5783692, -0.625832856, -0.277153105, 0.578970432, 0.76679796),
		CFrame.new(0.632884979, -1.77686727, -0.249120712, 0.92868036, -0.141524673, -0.342816949, 0.233342886, 0.941420078, 0.24347353, 0.288277239, -0.306102991, 0.907302141),
		CFrame.new(-0.865631104, -1.71887589, -0.253867865, 0.815004289, 0.12999706, 0.564684689, -0.274609059, 0.944777966, 0.178841859, -0.510252714, -0.300824434, 0.805696487),
	},
	{
		0.8834809000836685,
		CFrame.new(-0.0328330994, -0.27984786, -0.00190496445, 0.996642053, -0.0812361687, -0.0102616409, 0.0812572688, 0.996691763, 0.00165584486, 0.0100931795, -0.00248411763, 0.999945998),
		CFrame.new(-0.0865936279, 1.54546094, 0.00088429451, 0.98488766, -0.173194274, -0.000272397883, 0.173193529, 0.98488605, -0.00184341357, 0.000587549992, 0.00176837714, 0.999998331),
